A = [1 2 3 4; 2 3 4 1; 3 4 1 2; 4 1 2 3]

A =

     1     2     3     4
     2     3     4     1
     3     4     1     2
     4     1     2     3

B = [5 4 3 2; 4 3 2 5; 3 2 5 4; 2 5 4 3]

B =

     5     4     3     2
     4     3     2     5
     3     2     5     4
     2     5     4     3

b = [1 2 3 4]' 

b =

     1
     2
     3
     4

det(A)

ans =

   160

det(B)

ans =

  -224

inv(A)

ans =

   -0.2250    0.0250    0.0250    0.2750
    0.0250    0.0250    0.2750   -0.2250
    0.0250    0.2750   -0.2250    0.0250
    0.2750   -0.2250    0.0250    0.0250

inv(B)

ans =

    0.2679    0.0179    0.0179   -0.2321
    0.0179    0.0179   -0.2321    0.2679
    0.0179   -0.2321    0.2679    0.0179
   -0.2321    0.2679    0.0179    0.0179

A * inv(A)

ans =

    1.0000         0         0    0.0000
         0    1.0000   -0.0000    0.0000
         0    0.0000    1.0000   -0.0000
         0    0.0000   -0.0000    1.0000

inv(A) * A

ans =

    1.0000    0.0000    0.0000   -0.0000
         0    1.0000         0         0
    0.0000   -0.0000    1.0000   -0.0000
    0.0000         0   -0.0000    1.0000

B * inv(B)

ans =

    1.0000    0.0000    0.0000   -0.0000
    0.0000    1.0000   -0.0000         0
    0.0000    0.0000    1.0000    0.0000
    0.0000         0    0.0000    1.0000

inv(B) * B

ans =

    1.0000         0         0         0
         0    1.0000    0.0000         0
    0.0000    0.0000    1.0000    0.0000
   -0.0000         0    0.0000    1.0000

A' 

ans =

     1     2     3     4
     2     3     4     1
     3     4     1     2
     4     1     2     3

B'

ans =

     5     4     3     2
     4     3     2     5
     3     2     5     4
     2     5     4     3

A' * A

ans =

    30    24    22    24
    24    30    24    22
    22    24    30    24
    24    22    24    30

B' * B

ans =

    54    48    46    48
    48    54    48    46
    46    48    54    48
    48    46    48    54

A(4)

ans =

     4

A(4,:) * B(:,2)

ans =

    38

Ax = A\b

Ax =

     1
     0
     0
     0

By = B\b

By =

   -0.5714
    0.4286
    0.4286
    0.4286

diary off
